add <-10, r0>
add <10, r0>
halt